22
13 52 50 0 18 53 54 19 4 15 9 5 39 2 88 21 17 36 6 8 60 3

7
19 28 17 0 36 15 4

16
21 31 22 9 6 26 42 4 63 9 12 10 20 2 3 8

20
47 44 3 95 7 56 13 67 42 14 34 34 23 3 4 9 3 22 24 16

25
12 28 54 4 0 0 32 29 36 45 4 33 14 7 78 20 39 7 13 53 10 1 39 11 6

39
17 13 71 5 3 36 3 25 6 74 10 11 72 53 26 15 24 2 1 7 2 3 32 11 2 32 21 0 43 26 15 70 19 35 63 2 17 19 11

7
9 1 17 16 75 4 4

16
38 55 33 16 59 2 89 24 11 40 22 2 1 16 4 4

36
8 77 5 43 20 7 37 6 53 1 92 0 22 35 12 17 0 3 37 29 10 3 3 25 3 0 35 32 19 6 0 19 0 12 25 24

39
1 46 57 52 77 66 1 8 3 9 37 4 33 1 55 16 13 3 25 64 51 5 20 14 55 3 6 77 72 10 26 3 1 17 18 13 1 28 23

2
37 1

13
5 15 43 7 41 54 32 25 40 14 2 6 2

10
13 57 8 49 15 47 35 72 1 3

18
61 51 24 6 7 1 8 25 45 57 25 1 26 61 87 72 12 7

20
23 1 67 39 28 17 22 60 23 10 10 1 2 16 68 11 22 4 2 14

20
30 35 32 14 12 22 63 20 13 61 0 34 30 39 15 14 13 1 2 10

33
30 12 39 9 30 13 55 4 26 21 52 3 10 0 35 4 32 0 9 37 4 27 75 77 3 2 16 22 22 42 4 28 16

20
2 27 24 11 4 43 48 2 32 5 74 44 32 43 31 13 24 44 94 3

9
59 69 40 3 6 0 15 52 8

33
46 0 0 53 4 27 29 12 4 2 11 23 67 6 68 39 48 78 23 17 54 80 8 52 25 72 25 46 5 74 43 0 15

34
51 25 18 6 43 76 1 0 69 37 11 1 23 12 23 16 10 76 41 22 68 30 51 24 22 8 11 19 52 25 3 0 0 10

39
33 6 25 17 73 69 4 7 13 5 5 74 18 52 2 6 14 0 12 66 22 51 66 27 17 14 8 0 5 1 5 88 4 2 91 3 27 6 37

11
46 15 26 93 10 25 5 33 36 13 6

29
85 3 20 73 29 10 2 10 9 15 1 36 45 19 82 43 84 1 28 6 61 40 13 13 47 1 3 13 20

21
21 8 5 27 3 6 21 14 61 55 65 6 22 4 22 18 2 0 3 4 11

24
2 19 20 4 26 40 12 11 9 61 26 7 21 67 13 6 27 66 8 1 33 53 7 13

16
11 33 8 49 18 54 2 50 0 40 62 6 51 25 30 9

22
82 5 40 45 19 54 24 5 7 86 5 12 37 0 4 7 35 23 7 22 71 4

17
22 34 57 31 1 58 17 18 21 1 6 8 40 31 67 10 3

29
22 1 4 13 67 70 4 18 8 31 28 24 35 0 12 3 69 59 17 55 34 50 11 23 1 2 47 2 15

20
11 10 5 14 7 14 59 19 10 8 18 8 5 22 55 1 67 15 3 9

8
33 29 1 11 3 64 1 2

6
65 10 45 14 2 2

25
11 3 9 6 26 37 4 47 1 11 53 15 1 54 2 57 15 24 38 1 23 2 1 18 16

10
18 15 1 4 4 43 13 1 13 8

4
7 73 21 3

16
59 14 62 2 59 63 68 24 38 16 2 36 4 5 66 10

22
1 68 32 32 51 66 4 43 0 7 15 6 69 30 15 59 14 38 34 7 14 11

30
29 74 66 19 21 1 20 23 4 18 48 3 9 1 23 97 69 13 16 58 42 1 25 23 33 49 29 1 23 2

25
7 17 29 32 22 29 27 25 64 5 36 59 2 45 22 75 5 14 26 12 25 3 51 93 25

3
20 0 1

40
12 41 1 22 12 71 30 14 27 1 26 75 16 57 3 16 6 6 9 62 6 1 4 28 15 14 29 49 26 4 47 6 19 26 54 13 42 1 0 29

29
67 80 25 2 33 59 19 68 73 6 12 25 19 8 29 19 25 32 64 2 65 69 14 24 40 39 0 29 10

2
0 2

27
19 16 25 13 60 2 58 1 10 70 27 12 56 20 0 21 53 42 8 57 44 20 7 60 4 19 5

2
17 1

29
8 22 15 39 52 39 14 55 11 16 23 1 16 6 41 43 46 8 49 25 2 36 29 2 16 69 20 2 20

5
23 4 25 34 4

20
12 39 50 12 55 5 8 46 3 12 31 35 14 0 31 2 1 6 7 11

10
29 3 9 25 69 37 56 11 38 3

34
19 6 11 31 57 36 17 77 19 29 12 2 2 0 17 1 24 49 48 8 4 13 34 14 1 0 8 8 6 24 69 56 39 7

5
5 0 2 83 5

33
94 70 5 1 26 61 58 20 5 2 0 83 4 13 22 7 41 13 24 24 7 23 4 26 11 20 3 5 2 36 24 30 28

34
43 75 4 2 8 13 13 6 4 8 13 15 27 7 20 23 10 29 20 54 4 56 1 12 32 14 35 10 29 33 3 47 13 31

20
49 41 15 12 47 5 50 2 9 0 18 56 76 10 67 1 15 22 0 5

34
34 34 65 38 14 48 12 8 24 1 42 43 80 24 67 14 2 13 19 6 4 10 25 7 19 45 66 74 19 14 34 87 20 8

31
70 45 19 1 24 43 44 45 43 82 7 46 14 1 37 54 21 17 82 0 4 7 20 19 6 4 2 34 28 0 18

4
12 2 1 1

15
6 17 53 39 3 0 1 2 46 14 40 25 4 8 12

15
21 38 29 21 17 54 40 14 5 53 66 47 26 18 1

36
31 40 76 43 11 56 18 48 1 53 54 24 69 17 27 49 51 64 7 5 78 23 75 20 7 4 29 0 31 20 58 12 26 20 3 2

12
6 9 56 6 15 11 8 51 38 68 52 4

6
4 50 15 0 71 4

24
48 24 15 53 38 30 2 8 1 55 22 4 23 34 11 6 46 1 10 26 15 5 18 9

10
12 58 26 22 1 37 18 29 59 8

24
55 17 44 26 12 24 33 41 15 0 4 3 14 2 74 31 36 16 10 54 59 8 9 13

12
5 22 38 36 56 73 4 46 6 34 30 10

39
0 10 23 95 7 54 4 23 24 25 10 10 9 4 65 10 7 33 13 41 8 81 2 8 4 29 2 13 20 19 13 22 42 44 37 1 3 8 35

21
41 10 2 7 8 38 17 29 27 3 37 55 0 73 7 6 46 19 4 47 7

6
6 36 1 45 11 3

5
12 30 31 9 3

33
46 23 7 26 33 25 2 0 5 51 72 21 11 11 43 19 6 19 21 3 1 13 14 4 39 4 6 7 12 27 21 21 14

27
5 41 17 37 43 15 50 25 18 7 6 11 30 6 25 18 78 31 53 9 8 30 38 2 8 6 4

32
1 53 40 10 14 31 26 45 7 34 64 54 20 47 20 7 2 56 1 3 2 7 16 37 4 10 3 5 13 7 34 31

9
20 2 4 19 30 6 6 23 7

35
43 2 53 2 4 17 5 7 7 12 1 50 8 9 7 78 4 26 13 23 30 15 44 6 1 48 5 2 1 84 10 2 16 2 28

17
0 26 1 11 39 56 45 46 9 0 17 64 0 52 22 21 16

28
23 10 40 23 2 17 42 13 26 4 33 16 61 34 22 17 23 4 78 7 15 16 68 52 14 32 3 5

10
21 34 1 53 31 2 25 0 67 6

8
1 4 16 54 35 5 3 2

20
15 2 5 2 0 24 41 43 8 7 20 3 80 74 14 13 5 6 45 13

3
53 40 3

27
47 14 72 50 50 36 89 59 57 62 25 16 20 22 2 58 56 1 40 18 6 46 10 26 47 1 15

15
13 12 0 36 12 5 23 1 45 75 67 0 3 40 13

29
39 75 45 29 31 44 18 18 75 64 1 36 43 20 85 17 31 72 1 85 4 65 6 45 2 4 3 10 18

36
79 16 84 33 26 9 37 0 25 33 11 72 6 49 37 8 27 2 11 16 23 27 25 3 6 1 39 2 8 15 7 10 19 38 8 16

5
0 4 33 66 2

40
30 0 14 85 5 2 26 11 6 64 9 20 1 16 13 0 89 9 89 11 41 12 23 23 17 2 4 29 1 21 42 17 1 12 13 11 84 72 17 18

25
9 11 42 1 58 13 4 7 5 22 57 28 2 55 22 39 74 55 3 21 14 30 9 72 22

31
24 3 7 8 40 0 4 1 12 11 15 46 30 72 19 77 47 2 27 7 21 2 6 0 6 49 22 7 23 35 28

15
44 3 42 15 9 9 1 41 15 0 58 22 20 34 2

37
10 3 8 89 68 63 10 34 34 62 17 18 27 6 2 53 37 62 6 12 14 13 10 46 53 6 3 11 23 81 57 52 9 36 3 69 3

4
15 5 7 1

23
21 15 71 5 8 28 2 10 60 5 18 7 2 2 13 14 38 5 25 27 17 11 10

10
41 10 57 50 2 2 8 2 14 4

17
5 25 15 0 50 3 64 47 35 2 1 69 6 19 32 1 17

4
16 6 10 4

19
29 2 12 6 23 66 5 12 0 28 39 23 34 18 38 2 2 17 5

13
9 3 21 9 11 78 25 55 19 2 38 27 2

34
13 65 2 0 52 44 19 6 59 8 60 27 10 11 11 5 29 8 9 18 52 11 19 76 91 16 12 1 14 3 26 55 79 7

0